111,3
111,2
111,1
111,0
110,4
110,3
110,2
110,1
110,0
109,6
109,5
109,4
109,3
109,2
109,1
109,0
108,4
108,3
108,2
108,1
108,0
105,5
105,4
105,3
105,2
105,1
105,0
97,5
97,4
97,3
97,2
97,1
97,0
96,5
96,4
96,3
96,2
96,1
96,0
95,5
95,4
95,3
95,2
95,1
95,0
94,5
94,4
94,3
94,2
94,1
94,0
93,4
93,3
93,2
93,1
93,0
92,5
92,4
92,3
92,2
92,1
92,0
91,5
91,4
91,3
91,2
91,1
91,0
90,5
90,4
90,3
90,2
90,1
90,0
86,6
86,5
86,4
86,3
86,2
86,1
86,0
85,6
85,5
85,4
85,3
85,2
85,1
85,0
84,3
84,2
84,1
84,0
83,5
83,4
83,3
83,2
83,1
83,0
82,4
82,3
82,2
82,1
82,0
81,5
81,4
81,3
81,2
81,1
81,0
78,5
78,4
78,3
78,2
78,1
78,0
77,5
77,4
77,3
77,2
77,1
77,0
76,5
76,4
76,3
76,2
76,1
76,0
74,5
74,4
74,3
74,2
74,1
74,0
73,5
73,4
73,3
73,2
73,1
73,0
72,5
72,4
72,3
72,2
72,1
72,0
71,7
71,5
71,4
71,3
71,2
71,1
71,0
67,7
67,5
67,4
67,3
67,2
67,1
67,0
50,5
50,4
50,3
50,2
50,1
50,0
37,5
37,4
37,3
37,2
37,1
37,0
36,3
36,2
36,1
36,0
34,3
34,2
34,1
34,0
33,3
33,2
33,1
33,0
29,3
29,2
29,1
29,0
25,9
25,8
25,7
25,5
25,4
25,3
25,2
25,1
25,0
24,3
24,2
24,1
24,0
22,3
22,2
22,1
22,0
18,3
18,2
18,1
18,0
12,3
12,2
12,1
12,0
11,3
11,2
11,1
11,0
7,3
5,17
5,10
5,9
5,7
5,5
5,3
5,2
5,0
4,3
3,2
3,0
2,2
2,0
1,2
1,0
0,63
0,62
0,57
0,9
0,2
0,0
111,4
112,0
112,2
112,3
113,0
113,1
113,3
113,5
113,6
114,1
114,2
114,4
114,6
115,0
115,2
115,3
116,0
116,1
116,3
117,0
117,1
117,3
117,4
118,1
118,3
118,4
118,6
119,0
119,2
119,3
119,5
119,7
119,8
120,0
120,1
120,3
120,5
120,6
120,8
120,9
121,0
121,1
121,3
121,5
121,6
121,8
121,9
122,0
122,2
122,3
122,5
122,6
122,8
122,10
122,11
123,1
123,2
123,4
123,5
124,0
124,2
124,3
124,5
124,6
125,0
125,2
125,3
126,1
126,2
126,4
126,3
126,0
125,1
124,7
124,4
124,1
123,6
123,3
123,0
122,9
122,7
122,4
122,1
121,10
121,7
121,4
121,2
120,10
120,7
120,4
120,2
119,9
119,6
119,4
119,1
118,5
118,2
118,0
117,2
116,4
116,2
115,4
115,1
114,5
114,3
114,0
113,4
113,2
112,4
112,1
1,45
3,44
2,44
1,44
3,43
2,43
1,43
3,42
2,42
1,42
3,41
2,41
1,41
3,40
2,40
1,40
3,39
2,39
1,39
3,38
2,38
1,38
3,37
2,37
1,37
3,36
2,36
1,36
3,35
2,35
1,35
3,34
2,34
1,34
3,33
2,33
1,33
3,32
2,32
1,32
3,31
2,31
1,31
3,30
2,30
1,30
3,29
2,29
1,29
3,28
2,28
1,28
3,27
2,27
1,27
3,26
2,26
1,26
3,25
2,25
1,25
3,24
2,24
1,24
3,23
2,23
1,23
3,22
2,22
1,22
3,21
2,21
1,21
3,20
2,20
1,20
3,19
2,19
1,19
3,18
2,18
1,18
3,17
2,17
1,17
3,16
2,16
1,16
3,15
2,15
1,15
3,14
2,14
1,14
3,13
2,13
1,13
3,12
2,12
1,12
3,11
2,11
1,11
3,10
2,10
1,10
3,9
2,9
1,9
3,8
2,8
1,8
3,7
2,7
1,7
3,6
2,6
1,6
3,5
2,5
1,5
3,4
2,4
1,4
3,3
2,3
1,3
0,6
0,5
0,47
0,46
0,49
0,48
0,45
0,60
0,12
0,53
0,10
0,8
0,11
0,7
0,4
0,3
